A=[
1.2403,0.6055,-1.2425,0,0.0016,0,-0.9757,0.3126,0.0009;

1.0993,-3.5087,11.6361,0,0.0002,0,-1.2981,-2.9707,-0.0159;

-0.5667,1.4329,-0.9635,0,0,0,0.4215,0.1766,-0.0918;

-0.1402,-0.0054,-0.5581,0,0.0097,0,0.3844,-0.0008,-0.001;

0.0258,-0.0272,-0.0065,-0.1709,0,-0.0097,0.0102,-0.0049,0.0023;

0.0071,-0.0733,0.0455,0,0.1709,0,-0.0048,-0.0101,-0.3811;

0,0,0,0,0,0,1,0,0;

0,0,0,0,0,0,0,1,0;

0,0,0,0,0,0,0,0,1;

];


B=[

-5.5627,0.3726,-0.1911,-0.05365;

-2.4301,18.402,-1.6642,0.4194;

0.093,0.1115,8.4545,4.2001;

0.0887,0.0101,0,-0.06181;

0.0740,0,0,0.0462;

-0.0083,0.0632,-0.0614,0.0164
0,0,0,0;
0,0,0,0;
];
%forward flying velocity 22m/s at low attltitude




